Arvottu 100 lukua väliltä 1-1000:
865
395
777
912
431
42
266
989
524
498
415
941
803
850
311
992
489
367
598
914
930
224
517
143
289
144
774
98
634
819
257
932
546
723
830
617
924
151
318
102
748
76
921
871
701
339
484
574
104
363
445
324
626
656
935
210
990
566
489
454
887
534
267
64
825
941
562
938
15
96
737
861
409
728
845
804
685
641
2
627
506
848
889
342
250
748
334
721
892
65
196
940
582
228
245
823
991
146
823
557
